   19.80   1    8.9633e+01  -1.2601e-02  -2.3397e-04  -1.2835e-02   8.9620e+01
   19.70   1    9.0083e+01  -1.2504e-02  -2.3526e-04  -1.2740e-02   9.0070e+01
   19.60   1    9.0537e+01  -1.2011e-02  -2.3672e-04  -1.2248e-02   9.0524e+01
   19.50   1    9.0995e+01  -1.1262e-02  -2.3835e-04  -1.1500e-02   9.0984e+01
   19.40   1    9.1458e+01  -9.5837e-03  -2.4022e-04  -9.8239e-03   9.1448e+01
   19.30   1    9.1926e+01  -8.3261e-03  -2.4237e-04  -8.5685e-03   9.1918e+01
   19.20   1    9.2399e+01  -6.6983e-03  -2.4485e-04  -6.9431e-03   9.2392e+01
   19.10   1    9.2876e+01  -5.1658e-03  -2.4772e-04  -5.4135e-03   9.2871e+01
   19.00   1    9.3359e+01  -3.7939e-03  -2.5105e-04  -4.0450e-03   9.3355e+01
   18.90   1    9.3846e+01  -2.7872e-03  -2.5494e-04  -3.0421e-03   9.3843e+01
   18.80   1    9.4339e+01  -1.4201e-03  -2.5950e-04  -1.6796e-03   9.4337e+01
   18.70   1    9.4837e+01  -9.3343e-04  -2.6488e-04  -1.1983e-03   9.4835e+01
   18.60   1    9.5339e+01  -2.0813e-04  -2.7123e-04  -4.7936e-04   9.5339e+01
   18.50   1    9.5848e+01   5.1512e-04  -2.7875e-04   2.3637e-04   9.5848e+01
   18.40   1    9.6362e+01   8.8823e-04  -2.8768e-04   6.0055e-04   9.6362e+01
   18.30   1    9.6881e+01   1.0037e-03  -2.9829e-04   7.0538e-04   9.6881e+01
   18.20   1    9.7406e+01   1.5075e-03  -3.1088e-04   1.1966e-03   9.7407e+01
   18.10   1    9.7936e+01   1.2147e-03  -3.2588e-04   8.8886e-04   9.7937e+01
   18.00   1    9.8472e+01   1.1245e-03  -3.4374e-04   7.8073e-04   9.8473e+01
   17.90   1    9.9014e+01   1.1719e-03  -3.6509e-04   8.0678e-04   9.9015e+01
   17.80   1    9.9562e+01   8.4411e-04  -3.9054e-04   4.5357e-04   9.9563e+01
   17.70   1    1.0012e+02   5.2626e-04  -4.2087e-04   1.0539e-04   1.0012e+02
   17.60   1    1.0068e+02   5.9214e-04  -4.5702e-04   1.3512e-04   1.0068e+02
   17.50   1    1.0124e+02   1.4554e-04  -5.0017e-04  -3.5463e-04   1.0124e+02
   17.40   1    1.0182e+02   3.0867e-05  -5.5169e-04  -5.2082e-04   1.0182e+02
   17.30   1    1.0240e+02   2.5877e-05  -6.1312e-04  -5.8724e-04   1.0239e+02
   17.20   1    1.0298e+02  -2.8631e-04  -6.8635e-04  -9.7266e-04   1.0298e+02
   17.10   1    1.0357e+02  -5.9478e-04  -7.7361e-04  -1.3684e-03   1.0357e+02
   17.00   1    1.0417e+02  -6.2123e-04  -8.7770e-04  -1.4989e-03   1.0417e+02
   16.90   1    1.0478e+02  -9.5090e-04  -1.0018e-03  -1.9527e-03   1.0478e+02
   16.80   1    1.0539e+02  -1.2900e-03  -1.1495e-03  -2.4395e-03   1.0539e+02
   16.70   1    1.0601e+02  -1.5580e-03  -1.3256e-03  -2.8836e-03   1.0601e+02
   16.60   1    1.0664e+02  -1.9362e-03  -1.5352e-03  -3.4715e-03   1.0664e+02
   16.50   1    1.0728e+02  -2.2057e-03  -1.7848e-03  -3.9905e-03   1.0727e+02
   16.40   1    1.0792e+02  -2.4027e-03  -2.0818e-03  -4.4846e-03   1.0792e+02
   16.30   2    1.0857e+02  -2.7363e-03  -2.4353e-03  -5.1716e-03   1.0857e+02
   16.20   2    1.0923e+02  -3.3654e-03  -2.8557e-03  -6.2212e-03   1.0922e+02
   16.10   2    1.0990e+02  -3.8925e-03  -3.3557e-03  -7.2482e-03   1.0989e+02
   16.00   2    1.1057e+02  -4.5866e-03  -3.9502e-03  -8.5367e-03   1.1056e+02
   15.90   2    1.1125e+02  -5.6638e-03  -4.6567e-03  -1.0320e-02   1.1124e+02
   15.80   2    1.1194e+02  -6.6469e-03  -5.4962e-03  -1.2143e-02   1.1193e+02
   15.70   2    1.1264e+02  -7.8173e-03  -6.4935e-03  -1.4311e-02   1.1263e+02
   15.60   2    1.1335e+02  -9.2095e-03  -7.6778e-03  -1.6887e-02   1.1334e+02
   15.50   2    1.1407e+02  -1.0528e-02  -9.0837e-03  -1.9612e-02   1.1405e+02
   15.40   2    1.1480e+02  -1.2205e-02  -1.0752e-02  -2.2958e-02   1.1477e+02
   15.30   2    1.1553e+02  -1.4621e-02  -1.2732e-02  -2.7353e-02   1.1550e+02
   15.20   2    1.1628e+02  -1.7194e-02  -1.5081e-02  -3.2275e-02   1.1624e+02
   15.10   2    1.1703e+02  -2.0149e-02  -1.7865e-02  -3.8014e-02   1.1699e+02
   15.00   2    1.1780e+02  -2.3844e-02  -2.1166e-02  -4.5010e-02   1.1775e+02
   14.90   2    1.1857e+02  -2.7977e-02  -2.5077e-02  -5.3054e-02   1.1852e+02
   14.80   2    1.1935e+02  -3.2590e-02  -2.9710e-02  -6.2300e-02   1.1929e+02
   14.70   2    1.2015e+02  -3.8182e-02  -3.5197e-02  -7.3379e-02   1.2008e+02
   14.60   2    1.2095e+02  -4.4401e-02  -4.1691e-02  -8.6092e-02   1.2087e+02
   14.50   2    1.2177e+02  -5.1827e-02  -4.9375e-02  -1.0120e-01   1.2167e+02
   14.40   2    1.2260e+02  -6.0745e-02  -5.8465e-02  -1.1921e-01   1.2248e+02
   14.30   2    1.2344e+02  -7.1093e-02  -6.9211e-02  -1.4030e-01   1.2330e+02
   14.20   2    1.2429e+02  -8.2561e-02  -8.1912e-02  -1.6447e-01   1.2412e+02
   14.10   2    1.2515e+02  -9.6438e-02  -9.6915e-02  -1.9335e-01   1.2495e+02
   14.00   2    1.2602e+02  -1.1204e-01  -1.1463e-01  -2.2667e-01   1.2579e+02
   13.90   2    1.2691e+02  -1.2995e-01  -1.3554e-01  -2.6549e-01   1.2664e+02
   13.80   2    1.2780e+02  -1.5085e-01  -1.6021e-01  -3.1106e-01   1.2749e+02
   13.70   2    1.2871e+02  -1.7508e-01  -1.8929e-01  -3.6438e-01   1.2835e+02
   13.60   2    1.2964e+02  -2.0257e-01  -2.2357e-01  -4.2614e-01   1.2921e+02
   13.50   2    1.3057e+02  -2.3480e-01  -2.6393e-01  -4.9873e-01   1.3007e+02
   13.40   2    1.3152e+02  -2.7117e-01  -3.1145e-01  -5.8263e-01   1.3094e+02
   13.30   2    1.3249e+02  -3.1281e-01  -3.6736e-01  -6.8017e-01   1.3181e+02
   13.20   2    1.3346e+02  -3.6043e-01  -4.3308e-01  -7.9351e-01   1.3267e+02
   13.10   2    1.3446e+02  -4.1453e-01  -5.1030e-01  -9.2483e-01   1.3353e+02
   13.00   2    1.3546e+02  -4.7570e-01  -6.0097e-01  -1.0767e+00   1.3439e+02
   12.90   2    1.3649e+02  -5.4597e-01  -7.0736e-01  -1.2533e+00   1.3523e+02
   12.80   2    1.3752e+02  -6.2512e-01  -8.3208e-01  -1.4572e+00   1.3607e+02
   12.70   2    1.3858e+02  -7.1446e-01  -9.7820e-01  -1.6927e+00   1.3688e+02
   12.60   2    1.3964e+02  -8.1494e-01  -1.1492e+00  -1.9642e+00   1.3768e+02
   12.50   2    1.4073e+02  -9.2779e-01  -1.3493e+00  -2.2770e+00   1.3845e+02
   12.40   2    1.4183e+02  -1.0536e+00  -1.5830e+00  -2.6366e+00   1.3919e+02
   12.30   2    1.4295e+02  -1.1941e+00  -1.8558e+00  -3.0499e+00   1.3990e+02
   12.20   2    1.4409e+02  -1.3499e+00  -2.1740e+00  -3.5239e+00   1.4056e+02
   12.10   2    1.4524e+02  -1.5226e+00  -2.5447e+00  -4.0673e+00   1.4117e+02
   12.00   2    1.4641e+02  -1.7128e+00  -2.9761e+00  -4.6889e+00   1.4172e+02
   11.90   2    1.4760e+02  -1.9217e+00  -3.4775e+00  -5.3992e+00   1.4220e+02
   11.80   3    1.4881e+02  -2.1493e+00  -4.0596e+00  -6.2089e+00   1.4260e+02
   11.70   3    1.5004e+02  -2.3964e+00  -4.7346e+00  -7.1310e+00   1.4291e+02
   11.60   3    1.5129e+02  -2.6629e+00  -5.5161e+00  -8.1790e+00   1.4311e+02
   11.50   3    1.5256e+02  -2.9482e+00  -6.4197e+00  -9.3680e+00   1.4319e+02
   11.40   3    1.5385e+02  -3.2518e+00  -7.4630e+00  -1.0715e+01   1.4314e+02
   11.30   3    1.5517e+02  -3.5724e+00  -8.6657e+00  -1.2238e+01   1.4293e+02
   11.20   3    1.5651e+02  -3.9073e+00  -1.0050e+01  -1.3957e+01   1.4255e+02
   11.10   3    1.5786e+02  -4.2537e+00  -1.1640e+01  -1.5894e+01   1.4197e+02
   11.00   3    1.5924e+02  -4.6078e+00  -1.3464e+01  -1.8072e+01   1.4117e+02
   10.90   3    1.6064e+02  -4.9638e+00  -1.5551e+01  -2.0515e+01   1.4013e+02
   10.80   3    1.6207e+02  -5.3156e+00  -1.7936e+01  -2.3252e+01   1.3882e+02
   10.70   3    1.6352e+02  -5.6552e+00  -2.0655e+01  -2.6310e+01   1.3721e+02
   10.60   3    1.6499e+02  -5.9736e+00  -2.3748e+01  -2.9722e+01   1.3527e+02
   10.50   3    1.6649e+02  -6.2597e+00  -2.7259e+01  -3.3519e+01   1.3298e+02
   10.40   3    1.6802e+02  -6.5016e+00  -3.1234e+01  -3.7736e+01   1.3028e+02
   10.30   3    1.6957e+02  -6.6845e+00  -3.5726e+01  -4.2410e+01   1.2716e+02
   10.20   4    1.7115e+02  -6.7928e+00  -4.0787e+01  -4.7580e+01   1.2357e+02
   10.10   4    1.7276e+02  -6.8089e+00  -4.6475e+01  -5.3284e+01   1.1947e+02
   10.00   4    1.7439e+02  -6.7143e+00  -5.2852e+01  -5.9566e+01   1.1482e+02
    9.90   4    1.7605e+02  -6.4870e+00  -5.9981e+01  -6.6468e+01   1.0959e+02
    9.80   4    1.7774e+02  -6.1064e+00  -6.7929e+01  -7.4035e+01   1.0371e+02
    9.70   4    1.7946e+02  -5.5485e+00  -7.6768e+01  -8.2317e+01   9.7147e+01
    9.60   4    1.8121e+02  -4.7901e+00  -8.6562e+01  -9.1352e+01   8.9861e+01
    9.50   4    1.8299e+02  -3.8060e+00  -9.7387e+01  -1.0119e+02   8.1799e+01
    9.40   4    1.8480e+02  -2.5723e+00  -1.0933e+02  -1.1190e+02   7.2904e+01
    9.30   4    1.8664e+02  -1.0630e+00  -1.2243e+02  -1.2349e+02   6.3150e+01
    9.20   5    1.8851e+02   7.4476e-01  -1.3628e+02  -1.3553e+02   5.2979e+01
    9.10   5    1.9041e+02   2.8753e+00  -1.5127e+02  -1.4840e+02   4.2019e+01
    9.00   5    1.9235e+02   5.3506e+00  -1.6748e+02  -1.6213e+02   3.0215e+01
    8.90   5    1.9431e+02   8.1926e+00  -1.8493e+02  -1.7674e+02   1.7574e+01
    8.80   6    1.9631e+02   1.1419e+01  -2.0367e+02  -1.9225e+02   4.0589e+00
    8.70   5    1.9834e+02   1.5050e+01  -2.2372e+02  -2.0867e+02  -1.0330e+01
    8.60   5    2.0040e+02   1.9098e+01  -2.4510e+02  -2.2600e+02  -2.5600e+01
    8.50   5    2.0249e+02   2.3578e+01  -2.6782e+02  -2.4425e+02  -4.1755e+01
    8.40   5    2.0462e+02   2.8500e+01  -2.9191e+02  -2.6341e+02  -5.8796e+01
    8.30   5    2.0677e+02   3.3873e+01  -3.1736e+02  -2.8349e+02  -7.6718e+01
    8.20   5    2.0896e+02   3.9703e+01  -3.4418e+02  -3.0448e+02  -9.5517e+01
    8.10   5    2.1118e+02   4.5994e+01  -3.7235e+02  -3.2636e+02  -1.1518e+02
    8.00   4    2.1343e+02   5.2748e+01  -4.0187e+02  -3.4913e+02  -1.3570e+02
    7.90   4    2.1571e+02   5.9966e+01  -4.3272e+02  -3.7276e+02  -1.5705e+02
    7.80   5    2.1802e+02   6.7644e+01  -4.6487e+02  -3.9723e+02  -1.7921e+02
    7.70   5    2.2036e+02   7.5781e+01  -4.9832e+02  -4.2254e+02  -2.0218e+02
    7.60   5    2.2273e+02   8.4369e+01  -5.3302e+02  -4.4865e+02  -2.2592e+02
    7.50   5    2.2513e+02   9.3404e+01  -5.6894e+02  -4.7554e+02  -2.5041e+02
    7.40   6    2.2756e+02   1.0288e+02  -6.0606e+02  -5.0318e+02  -2.7562e+02
    7.30   6    2.3001e+02   1.1278e+02  -6.4432e+02  -5.3154e+02  -3.0153e+02
    7.20   6    2.3249e+02   1.2311e+02  -6.8370e+02  -5.6059e+02  -3.2809e+02
    7.10   6    2.3500e+02   1.3385e+02  -7.2414e+02  -5.9029e+02  -3.5529e+02
    7.00   6    2.3753e+02   1.4499e+02  -7.6561e+02  -6.2062e+02  -3.8309e+02
    6.90   6    2.4008e+02   1.5652e+02  -8.0806e+02  -6.5154e+02  -4.1146e+02
    6.80   6    2.4266e+02   1.6843e+02  -8.5144e+02  -6.8301e+02  -4.4035e+02
    6.70   6    2.4526e+02   1.8071e+02  -8.9571e+02  -7.1500e+02  -4.6974e+02
    6.60   6    2.4788e+02   1.9335e+02  -9.4082e+02  -7.4747e+02  -4.9959e+02
    6.50   6    2.5052e+02   2.0634e+02  -9.8672e+02  -7.8038e+02  -5.2987e+02
    6.40   6    2.5317e+02   2.1966e+02  -1.0334e+03  -8.1370e+02  -5.6053e+02
    6.30   6    2.5585e+02   2.3331e+02  -1.0807e+03  -8.4739e+02  -5.9155e+02
    6.20   6    2.5853e+02   2.4726e+02  -1.1287e+03  -8.8141e+02  -6.2288e+02
    6.10   6    2.6123e+02   2.6152e+02  -1.1772e+03  -9.1573e+02  -6.5449e+02
    6.00   6    2.6395e+02   2.7607e+02  -1.2264e+03  -9.5030e+02  -6.8635e+02
    5.90   6    2.6667e+02   2.9089e+02  -1.2760e+03  -9.8508e+02  -7.1841e+02
    5.80   6    2.6940e+02   3.0597e+02  -1.3260e+03  -1.0201e+03  -7.5065e+02
    5.70   6    2.7214e+02   3.2131e+02  -1.3765e+03  -1.0552e+03  -7.8302e+02
    5.60   6    2.7489e+02   3.3689e+02  -1.4273e+03  -1.0904e+03  -8.1549e+02
    5.50   6    2.7764e+02   3.5269e+02  -1.4784e+03  -1.1257e+03  -8.4803e+02
    5.40   6    2.8039e+02   3.6871e+02  -1.5297e+03  -1.1610e+03  -8.8059e+02
    5.30   6    2.8313e+02   3.8493e+02  -1.5812e+03  -1.1963e+03  -9.1315e+02
    5.20   6    2.8588e+02   4.0133e+02  -1.6329e+03  -1.2316e+03  -9.4568e+02
    5.10   6    2.8863e+02   4.1790e+02  -1.6846e+03  -1.2668e+03  -9.7813e+02
    5.00   6    2.9136e+02   4.3462e+02  -1.7365e+03  -1.3018e+03  -1.0105e+03
    4.90   6    2.9409e+02   4.5147e+02  -1.7882e+03  -1.3368e+03  -1.0427e+03
    4.80   6    2.9681e+02   4.6845e+02  -1.8400e+03  -1.3715e+03  -1.0747e+03
    4.70   6    2.9952e+02   4.8553e+02  -1.8916e+03  -1.4060e+03  -1.1065e+03
    4.60   6    3.0221e+02   5.0269e+02  -1.9430e+03  -1.4403e+03  -1.1381e+03
    4.50   6    3.0489e+02   5.1990e+02  -1.9942e+03  -1.4743e+03  -1.1694e+03
    4.40   6    3.0755e+02   5.3716e+02  -2.0451e+03  -1.5080e+03  -1.2004e+03
    4.30   6    3.1018e+02   5.5442e+02  -2.0957e+03  -1.5413e+03  -1.2311e+03
    4.20   6    3.1280e+02   5.7168e+02  -2.1459e+03  -1.5742e+03  -1.2614e+03
    4.10   6    3.1539e+02   5.8889e+02  -2.1957e+03  -1.6068e+03  -1.2914e+03
    4.00   6    3.1795e+02   6.0604e+02  -2.2449e+03  -1.6388e+03  -1.3209e+03
    3.90   6    3.2048e+02   6.2309e+02  -2.2935e+03  -1.6704e+03  -1.3499e+03
    3.80   6    3.2298e+02   6.4001e+02  -2.3415e+03  -1.7015e+03  -1.3785e+03
    3.70   6    3.2545e+02   6.5677e+02  -2.3888e+03  -1.7320e+03  -1.4066e+03
    3.60   6    3.2788e+02   6.7333e+02  -2.4353e+03  -1.7620e+03  -1.4341e+03
    3.50   6    3.3027e+02   6.8966e+02  -2.4810e+03  -1.7913e+03  -1.4611e+03
    3.40   6    3.3262e+02   7.0572e+02  -2.5258e+03  -1.8201e+03  -1.4875e+03
    3.30   6    3.3493e+02   7.2147e+02  -2.5697e+03  -1.8482e+03  -1.5133e+03
    3.20   6    3.3720e+02   7.3688e+02  -2.6125e+03  -1.8756e+03  -1.5384e+03
    3.10   6    3.3941e+02   7.5190e+02  -2.6542e+03  -1.9023e+03  -1.5629e+03
    3.00   6    3.4158e+02   7.6649e+02  -2.6948e+03  -1.9283e+03  -1.5868e+03
    2.90   6    3.4370e+02   7.8062e+02  -2.7342e+03  -1.9536e+03  -1.6099e+03
    2.80   6    3.4577e+02   7.9425e+02  -2.7724e+03  -1.9781e+03  -1.6324e+03
    2.70   6    3.4778e+02   8.0735e+02  -2.8092e+03  -2.0019e+03  -1.6541e+03
    2.60   6    3.4973e+02   8.1988e+02  -2.8447e+03  -2.0248e+03  -1.6751e+03
    2.50   6    3.5163e+02   8.3182e+02  -2.8788e+03  -2.0469e+03  -1.6953e+03
    2.40   6    3.5346e+02   8.4313e+02  -2.9114e+03  -2.0683e+03  -1.7148e+03
    2.30   6    3.5523e+02   8.5381e+02  -2.9426e+03  -2.0888e+03  -1.7335e+03
    2.20   6    3.5694e+02   8.6382e+02  -2.9722e+03  -2.1084e+03  -1.7515e+03
    2.10   6    3.5860e+02   8.7316e+02  -3.0004e+03  -2.1272e+03  -1.7686e+03
    2.00   6    3.6018e+02   8.8183e+02  -3.0270e+03  -2.1451e+03  -1.7850e+03
    1.90   6    3.6168e+02   8.8982e+02  -3.0520e+03  -2.1622e+03  -1.8005e+03
    1.80   6    3.6312e+02   8.9714e+02  -3.0756e+03  -2.1784e+03  -1.8153e+03
    1.70   6    3.6449e+02   9.0380e+02  -3.0975e+03  -2.1937e+03  -1.8293e+03
    1.60   6    3.6579e+02   9.0982e+02  -3.1180e+03  -2.2082e+03  -1.8424e+03
    1.50   6    3.6701e+02   9.1522e+02  -3.1370e+03  -2.2218e+03  -1.8548e+03
    1.40   6    3.6816e+02   9.2003e+02  -3.1545e+03  -2.2345e+03  -1.8663e+03
    1.30   6    3.6923e+02   9.2428e+02  -3.1706e+03  -2.2463e+03  -1.8770e+03
    1.20   6    3.7023e+02   9.2800e+02  -3.1852e+03  -2.2572e+03  -1.8870e+03
    1.10   6    3.7115e+02   9.3123e+02  -3.1985e+03  -2.2673e+03  -1.8961e+03
    1.00   6    3.7200e+02   9.3401e+02  -3.2104e+03  -2.2764e+03  -1.9044e+03
    0.90   6    3.7276e+02   9.3638e+02  -3.2211e+03  -2.2847e+03  -1.9119e+03
    0.80   6    3.7346e+02   9.3838e+02  -3.2305e+03  -2.2921e+03  -1.9187e+03
    0.70   6    3.7407e+02   9.4004e+02  -3.2387e+03  -2.2987e+03  -1.9246e+03
    0.60   6    3.7459e+02   9.4140e+02  -3.2457e+03  -2.3043e+03  -1.9297e+03
    0.50   6    3.7504e+02   9.4249e+02  -3.2516e+03  -2.3091e+03  -1.9341e+03
    0.40   6    3.7542e+02   9.4335e+02  -3.2564e+03  -2.3130e+03  -1.9376e+03
    0.30   6    3.7569e+02   9.4398e+02  -3.2600e+03  -2.3161e+03  -1.9404e+03
    0.20   6    3.7593e+02   9.4449e+02  -3.2627e+03  -2.3182e+03  -1.9423e+03
    0.10   6    3.7604e+02   9.4484e+02  -3.2643e+03  -2.3194e+03  -1.9434e+03
    0.00   6    3.7605e+02   9.4476e+02  -3.2647e+03  -2.3200e+03  -1.9439e+03
