   1000000000.0000000        9.2536744970612678E-016  -3.9334434518877726E-012
   1990000000.0000000        1.9115689278745777E-006   7.8668869037755452E-012
   2980000000.0000000       0.19636444872771608       -2.7534102961129162E-011
   3970000000.0000000        461.42577182110631        1.0227234730403975E-010
   4960000000.0000000        150564.39413111037       -3.8063920582067413E-010
   5950000000.0000000        14728399.739233466        1.5086085186890520E-009
   6940000000.0000000        642024262.96688581       -1.9028427545642479E-009
   7930000000.0000000        15723057631.669657        9.4586004039054425E-008
   8920000000.0000000        249951757854.27032        9.6514233963108532E-007
   9910000000.0000000        2847634527781.4082        1.0513495201896578E-005
   10900000000.000000        24829087613412.840        7.5644913067684933E-005
   11890000000.000000        174579338503388.31        4.6908498417317957E-004
   12880000000.000000        1025536741564769.0        2.3406821362904405E-003
   13870000000.000000        5181945708205786.0        1.0403580187099932E-002
   14860000000.000000        23022850026612044.        3.9819073342828928E-002
   15850000000.000000        91613757569934048.       0.14100272959380802     
   16840000000.000000        3.3135177151835174E+017  0.44390252377074030     
   17830000000.000000        1.0995195427208977E+018   1.3183413060494513     
   18820000000.000000        3.3898078342358124E+018   3.6008866463526612     
   19810000000.000000        9.7742582919802245E+018   9.3418535608172100     
   20800000000.000000        2.6569067094514180E+019   22.762083835138487     
   21790000000.000000        6.8439987460916298E+019   53.121360311167365     
   22780000000.000000        1.6808081902668254E+020   118.40972131972755     
   23770000000.000000        3.9479778895054524E+020   251.17754662355244     
   24760000000.000000        8.9093594623121123E+020   526.22926486315669     
   25750000000.000000        1.9397134885225549E+021   1027.0666122322239     
   26740000000.000000        4.0755085716173263E+021   2020.0346859840588     
   27730000000.000000        8.3171549918136128E+021   3784.4465391576209     
   28720000000.000000        1.6477628206414333E+022   6832.5482691358920     
   29710000000.000000        3.1759567975268445E+022   12481.727413704335     
   30700000000.000000        5.9806871259153133E+022   21387.854687192015     
   31690000000.000000        1.0995287142030236E+023   37251.193459593895     
   32680000000.000000        1.9795180426741200E+023   61336.374755488003     
   33670000000.000000        3.4897273315195102E+023   103212.89452444973     
   34660000000.000000        6.0428901137926531E+023   164289.85151019777     
   35650000000.000000        1.0271628373055741E+024   265385.56719719857     
   36640000000.000000        1.7177177674963789E+024   412864.56941325834     
   37630000000.000000        2.8285110944195047E+024   655781.78558944399     
   38620000000.000000        4.5917682791798041E+024   958277.39038490888     
   39610000000.000000        7.3363453794962056E+024   1518576.7615706592     
   40600000000.000000        1.1589374380701771E+025   2201893.0710714404     
   41590000000.000000        1.8063972510402931E+025   3273906.8371897666     
   42580000000.000000        2.7818646522407211E+025   4782527.8342443043     
   43570000000.000000        4.2375540832882203E+025   6994330.7604563003     
   44560000000.000000        6.3888790541650174E+025   9825734.6659750342     
   45550000000.000000        9.5273562015848006E+025   14134452.433187872     
   46540000000.000000        1.4080437141845979E+026   20236014.391686402     
   47530000000.000000        2.0668612385793468E+026   29506387.685178936     
   48520000000.000000        3.0087654948998978E+026   35039158.421807863     
   49510000000.000000        4.3156849806815301E+026   53792888.919038266     
   50500000000.000000        6.1437897299665529E+026   68849747.183575988     
   51490000000.000000        8.6661460514960257E+026   95816737.127465829     
   52480000000.000000        1.2135383440952475E+027   127547257.73599197     
   53470000000.000000        1.6873526495256680E+027   170795985.73802853     
   54460000000.000000        2.3302194858287666E+027   224178691.40052584     
   55450000000.000000        3.1971852871292080E+027   304383739.00172871     
   56440000000.000000        4.3598832466502057E+027   368706666.15580493     
   57430000000.000000        5.8967948434802764E+027   511659736.00818801     
   58420000000.000000        7.9400687188589785E+027   684515293.07824159     
   59410000000.000000        1.0639403503947426E+028   766568713.40976202     
   60400000000.000000        1.4144059712691224E+028   1179246116.8600037     
   61390000000.000000        1.8746689712775829E+028   1238049459.7428551     
   62380000000.000000        2.4666616593176262E+028   1932816101.1984463     
   63370000000.000000        3.2379588065762184E+028   2007390097.4192169     
   64360000000.000000        4.2182398320455694E+028   2831249356.1255198     
   65350000000.000000        5.4733259260031825E+028   3490695948.4345231     
   66340000000.000000        7.0758320920317577E+028   4474413257.9087849     
   67330000000.000000        9.1118888415646338E+028   5152856009.4804525     
   68320000000.000000        1.1667826921688502E+029   6740384350.3886719     
   69310000000.000000        1.4882716591443157E+029   8225465152.2208586     
   70300000000.000000        1.8910812785771728E+029   10140829700.900330     
   71290000000.000000        2.3938737611896983E+029   12418968220.283348     
   72280000000.000000        3.0191800342498065E+029   15184087407.303717     
   73270000000.000000        3.7941743128559845E+029   18481049182.071888     
   74260000000.000000        4.7516046467734589E+029   22575863590.944538     
   75250000000.000000        5.9308801441130869E+029   27025207762.477962     
   76240000000.000000        7.3793329186354902E+029   34108905103.725922     
   77230000000.000000        9.1536969407933293E+029   36056311483.123970     
   78220000000.000000        1.1299483126721074E+030   49043971871.587189     
   79210000000.000000        1.3916961017440063E+030   56529175252.286591     
   80200000000.000000        1.7101150206918260E+030   71770027308.557907     
   81190000000.000000        2.0963630589574144E+030   71628666647.664200     
   82180000000.000000        2.5573414414394730E+030   99201343544.742188     
   83170000000.000000        3.1150244486338018E+030   123574681011.56766     
   84160000000.000000        3.7878334924187526E+030   111281301191.49115     
   85150000000.000000        4.5828861282777068E+030   179653907145.65924     
   86140000000.000000        5.5413577836123719E+030   170525595329.70349     
   87130000000.000000        6.6771720637646549E+030   223904102215.77209     
   88120000000.000000        8.0294168087529412E+030   258807275488.89258     
   89110000000.000000        9.6343964855195462E+030   288065643568.59369     
   90100000000.000000        1.1527404875869630E+031   352191329198.95404     
   91090000000.000000        1.3765696264113389E+031   416930887775.63385     
   92080000000.000000        1.6403683553360545E+031   426953200527.38220     
   93070000000.000000        1.9492573131462436E+031   635600900593.77698     
   94060000000.000000        2.3149371580552223E+031   507281525765.37848     
   95050000000.000000        2.7379654493237149E+031   846044123342.79883     
   96040000000.000000        3.2373499997002692E+031   782938008292.98474     
   97030000000.000000        3.8172158955415426E+031   949130410042.90137     
   98020000000.000000        4.4895810001759836E+031   1083179396112.5538     
   99010000000.000000        5.2781963295150156E+031   1834786514511.5325     
   100000000000.00000        6.1894047262904567E+031  -917393257255.76624     
