  7.43421E-16,  1.54761E-06,  1.60251E-01,  3.81067E+02,  1.25447E+05, &
  1.22531E+07,  5.33380E+08,  1.30453E+10,  2.07124E+11,  2.35687E+12, &
  2.05262E+13,  1.44162E+14,  8.45924E+14,  4.26976E+15,  1.89500E+16, &
  7.53278E+16,  2.72166E+17,  9.02195E+17,  2.77862E+18,  8.00378E+18, &
  2.17343E+19,  5.59292E+19,  1.37216E+20,  3.21971E+20,  7.25842E+20, &
  1.57864E+21,  3.31340E+21,  6.75473E+21,  1.33679E+22,  2.57377E+22, &
  4.84135E+22,  8.89064E+22,  1.59877E+23,  2.81518E+23,  4.86892E+23, &
  8.26579E+23,  1.38050E+24,  2.27018E+24,  3.68022E+24,  5.87133E+24, &
  9.26069E+24,  1.44105E+25,  2.21528E+25,  3.36794E+25,  5.06678E+25, &
  7.53692E+25,  1.11048E+26,  1.62303E+26,  2.34585E+26,  3.36551E+26, &
  4.79210E+26,  6.76089E+26,  9.46931E+26,  1.31691E+27,  1.81900E+27, &
  2.49625E+27,  3.40470E+27,  4.60578E+27,  6.20289E+27,  8.31321E+27, &
  1.10537E+28,  1.46534E+28,  1.92842E+28,  2.53187E+28,  3.29899E+28, &
  4.28132E+28,  5.53581E+28,  7.12999E+28,  9.13159E+28,  1.16497E+29, &
  1.48053E+29,  1.87449E+29,  2.36453E+29,  2.97198E+29,  3.72256E+29, &
  4.64722E+29,  5.78314E+29,  7.17488E+29,  8.85825E+29,  1.09120E+30, &
  1.34108E+30,  1.64425E+30,  2.00613E+30,  2.44400E+30,  2.97234E+30, &
  3.59680E+30,  4.34972E+30,  5.24210E+30,  6.30469E+30,  7.56609E+30, &
  9.05410E+30,  1.08138E+31,  1.28881E+31,  1.53173E+31,  1.81935E+31, &
  2.15214E+31,  2.54506E+31,  3.00137E+31,  3.53055E+31,  4.15132E+31, &
  4.86871E+31,
