  9.25367E-16,  1.91157E-06,  1.96364E-01,  4.61426E+02,  1.50564E+05, &
  1.47284E+07,  6.42024E+08,  1.57231E+10,  2.49952E+11,  2.84763E+12, &
  2.48291E+13,  1.74579E+14,  1.02554E+15,  5.18195E+15,  2.30229E+16, &
  9.16138E+16,  3.31352E+17,  1.09952E+18,  3.38981E+18,  9.77426E+18, &
  2.65691E+19,  6.84400E+19,  1.68081E+20,  3.94798E+20,  8.90936E+20, &
  1.93971E+21,  4.07551E+21,  8.31715E+21,  1.64776E+22,  3.17596E+22, &
  5.98069E+22,  1.09953E+23,  1.97952E+23,  3.48973E+23,  6.04289E+23, &
  1.02716E+24,  1.71772E+24,  2.82851E+24,  4.59177E+24,  7.33635E+24, &
  1.15894E+25,  1.80640E+25,  2.78186E+25,  4.23755E+25,  6.38888E+25, &
  9.52736E+25,  1.40804E+26,  2.06686E+26,  3.00877E+26,  4.31568E+26, &
  6.14379E+26,  8.66615E+26,  1.21354E+27,  1.68735E+27,  2.33022E+27, &
  3.19719E+27,  4.35988E+27,  5.89679E+27,  7.94007E+27,  1.06394E+28, &
  1.41441E+28,  1.87467E+28,  2.46666E+28,  3.23796E+28,  4.21824E+28, &
  5.47333E+28,  7.07583E+28,  9.11189E+28,  1.16678E+29,  1.48827E+29, &
  1.89108E+29,  2.39387E+29,  3.01918E+29,  3.79417E+29,  4.75160E+29, &
  5.93088E+29,  7.37933E+29,  9.15370E+29,  1.12995E+30,  1.39170E+30, &
  1.71012E+30,  2.09636E+30,  2.55734E+30,  3.11502E+30,  3.78783E+30, &
  4.58289E+30,  5.54136E+30,  6.67717E+30,  8.02942E+30,  9.63440E+30, &
  1.15274E+31,  1.37657E+31,  1.64037E+31,  1.94926E+31,  2.31494E+31, &
  2.73797E+31,  3.23735E+31,  3.81722E+31,  4.48958E+31,  5.27820E+31, &
  6.18940E+31,
