   1000000000.0000000        7.4342109753894691E-016  -3.2224209585549003E-012
   1990000000.0000000        1.5476142086999593E-006   6.4448419171098005E-012
   2980000000.0000000       0.16025087070915803       -2.2556945728875572E-011
   3970000000.0000000        381.06716963901192        8.3785271862607032E-011
   4960000000.0000000        125446.93897691643       -3.1182084227319943E-010
   5950000000.0000000        12253053.430059576        1.2369755420987268E-009
   6940000000.0000000        533379788.24752140       -1.5200780918004394E-009
   7930000000.0000000        13045262363.841175        7.8248637350209804E-008
   8920000000.0000000        207123557606.91840        8.0004320648394136E-007
   9910000000.0000000        2356874070737.2075        8.6938602501343575E-006
   10900000000.000000        20526218683390.617        6.2493656285927038E-005
   11890000000.000000        144162114633278.31        3.8697921180379626E-004
   12880000000.000000        845923586397137.62        1.9287726970741651E-003
   13870000000.000000        4269763196584344.0        8.5620141041134832E-003
   14860000000.000000        18949977504595320.        3.2732719082515800E-002
   15850000000.000000        75327778699187808.       0.11577241037134220     
   16840000000.000000        2.7216575272115507E+017  0.36405013914056222     
   17830000000.000000        9.0219528715969178E+017   1.0799496557573758     
   18820000000.000000        2.7786174924748119E+018   2.9463481822840718     
   19810000000.000000        8.0037826362593157E+018   7.6350735224793596     
   20800000000.000000        2.1734335807476920E+019   18.581848866048269     
   21790000000.000000        5.5929190441964552E+019   43.316389068240483     
   22780000000.000000        1.3721589985287062E+020   96.440655934870648     
   23770000000.000000        3.2197116563189341E+020   204.33731022941637     
   24760000000.000000        7.2584224420284046E+020   427.59861120944271     
   25750000000.000000        1.5786415145168853E+021   833.52775973598250     
   26740000000.000000        3.3133991523104897E+021   1637.4845186838465     
   27730000000.000000        6.7547255194256430E+021   3063.8480885255631     
   28720000000.000000        1.3367881631476591E+022   5524.5075467779889     
   29710000000.000000        2.5737743321852218E+022   10079.661842664767     
   30700000000.000000        4.8413541979161069E+022   17247.980478542297     
   31690000000.000000        8.8906381764818729E+022   30001.211641689493     
   32680000000.000000        1.5987690896863663E+023   49326.220510011932     
   33670000000.000000        2.8151755184093286E+023   82887.451885929317     
   34660000000.000000        4.8689171966583566E+023   131725.90003079199     
   35650000000.000000        8.2657949006425937E+023   212453.22453526134     
   36640000000.000000        1.3804994031832267E+024   329952.73975619173     
   37630000000.000000        2.2701777190857702E+024   523189.76675265044     
   38620000000.000000        3.6802241595992519E+024   762890.42531730956     
   39610000000.000000        5.8713308416441724E+024   1206762.1011941431     
   40600000000.000000        9.2606905374314420E+024   1745555.5913468839     
   41590000000.000000        1.4410508386231924E+025   2588231.0400801674     
   42580000000.000000        2.2152845962405377E+025   3772470.5230368865     
   43570000000.000000        3.3679418998429587E+025   5488311.4765923619     
   44560000000.000000        5.0667790399059761E+025   7710453.5406332286     
   45550000000.000000        7.5369153445135199E+025   10887454.069752991     
   46540000000.000000        1.1104766872543863E+026   15939927.512635116     
   47530000000.000000        1.6230324441137799E+026   20712862.850235652     
   48520000000.000000        2.3458475303464537E+026   29925688.348913949     
   49510000000.000000        3.3655100657550633E+026   41309176.638060644     
   50500000000.000000        4.7921044606611192E+026   53954139.838633165     
   51490000000.000000        6.7608889540767572E+026   74793516.232434049     
   52480000000.000000        9.4693090036676956E+026   99663687.594838515     
   53470000000.000000        1.3169120721230510E+027   133464294.13010147     
   54460000000.000000        1.8190015213212255E+027   175222799.44088003     
   55450000000.000000        2.4962527236212598E+027   237953985.31396854     
   56440000000.000000        3.4047038744014988E+027   288326722.91025424     
   57430000000.000000        4.6057832183050680E+027   400157507.63840276     
   58420000000.000000        6.2028888183455453E+027   535446406.23560405     
   59410000000.000000        8.3132065318827250E+027   599851256.74701786     
   60400000000.000000        1.1053663500620078E+028   922750373.93992066     
   61390000000.000000        1.4653350946066270E+028   969205262.23978627     
   62380000000.000000        1.9284194218576554E+028   1512983380.0644670     
   63370000000.000000        2.5318743922884243E+028   1572105366.8589683     
   64360000000.000000        3.2989855711714737E+028   2217340695.9511685     
   65350000000.000000        4.2813247611843254E+028   2734412542.9269567     
   66340000000.000000        5.5358143256004690E+028   3505576895.0157442     
   67330000000.000000        7.1299909528634070E+028   4038325046.6944485     
   68320000000.000000        9.1315933435240640E+028   5283012321.1889505     
   69310000000.000000        1.1649687585439955E+029   6448349345.0256414     
   70300000000.000000        1.4805300357578809E+029   7951354622.1221886     
   71290000000.000000        1.8744882492952776E+029   9739459178.1240406     
   72280000000.000000        2.3645278971974921E+029   11910174667.718792     
   73270000000.000000        2.9719820354328412E+029   14498930203.118635     
   74260000000.000000        3.7225641881225902E+029   17714560261.710548     
   75250000000.000000        4.6472237063196007E+029   21209933437.680157     
   76240000000.000000        5.7831388483569135E+029   26772687218.240452     
   77230000000.000000        7.1748807871580951E+029   28311987884.563911     
   78220000000.000000        8.8582503966319876E+029   38508697437.388947     
   79210000000.000000        1.0912005596304147E+030   44396773145.351868     
   80200000000.000000        1.3410836745108037E+030   56371886217.341179     
   81190000000.000000        1.6442469174150757E+030   56287264623.073219     
   82180000000.000000        2.0061289574632777E+030   77945214726.729965     
   83170000000.000000        2.4439977358665455E+030   97109338086.571365     
   84160000000.000000        2.9723438879030318E+030   87504017764.562668     
   85150000000.000000        3.5967951915464796E+030   141213443667.92120     
   86140000000.000000        4.3497164220594430E+030   134112528160.72523     
   87130000000.000000        5.2420973206862791E+030   176084029326.59958     
   88120000000.000000        6.3046928084051043E+030   203575162870.73395     
   89110000000.000000        7.5660903514704293E+030   226646573224.74429     
   90100000000.000000        9.0541004193907112E+030   277120606397.15247     
   91090000000.000000        1.0813800978243534E+031   328112451646.02893     
   92080000000.000000        1.2888064084840246E+031   336126236812.97534     
   93070000000.000000        1.5317266994401951E+031   500261713223.24329     
   94060000000.000000        1.8193523670848952E+031   399611525447.37811     
   95050000000.000000        2.1521413173818248E+031   666108998714.17334     
   96040000000.000000        2.5450563024837984E+031   616762691207.65942     
   97030000000.000000        3.0013669551612013E+031   747811621544.21497     
   98020000000.000000        3.5305514072639415E+031   853196786823.45740     
   99010000000.000000        4.1513213265013862E+031   1446102616818.7930     
   100000000000.00000        4.8687055171116645E+031  -723051308409.39648     
