 -3.22242E-12,  6.44484E-12, -2.25569E-11,  8.37853E-11, -3.11821E-10, &
  1.23698E-09, -1.52008E-09,  7.82486E-08,  8.00043E-07,  8.69386E-06, &
  6.24937E-05,  3.86979E-04,  1.92877E-03,  8.56201E-03,  3.27327E-02, &
  1.15772E-01,  3.64050E-01,  1.07995E+00,  2.94635E+00,  7.63507E+00, &
  1.85818E+01,  4.33164E+01,  9.64407E+01,  2.04337E+02,  4.27599E+02, &
  8.33528E+02,  1.63748E+03,  3.06385E+03,  5.52451E+03,  1.00797E+04, &
  1.72480E+04,  3.00012E+04,  4.93262E+04,  8.28875E+04,  1.31726E+05, &
  2.12453E+05,  3.29953E+05,  5.23190E+05,  7.62890E+05,  1.20676E+06, &
  1.74556E+06,  2.58823E+06,  3.77247E+06,  5.48831E+06,  7.71045E+06, &
  1.08875E+07,  1.59399E+07,  2.07129E+07,  2.99257E+07,  4.13092E+07, &
  5.39541E+07,  7.47935E+07,  9.96637E+07,  1.33464E+08,  1.75223E+08, &
  2.37954E+08,  2.88327E+08,  4.00158E+08,  5.35446E+08,  5.99851E+08, &
  9.22750E+08,  9.69205E+08,  1.51298E+09,  1.57211E+09,  2.21734E+09, &
  2.73441E+09,  3.50558E+09,  4.03833E+09,  5.28301E+09,  6.44835E+09, &
  7.95135E+09,  9.73946E+09,  1.19102E+10,  1.44989E+10,  1.77146E+10, &
  2.12099E+10,  2.67727E+10,  2.83120E+10,  3.85087E+10,  4.43968E+10, &
  5.63719E+10,  5.62873E+10,  7.79452E+10,  9.71093E+10,  8.75040E+10, &
  1.41213E+11,  1.34113E+11,  1.76084E+11,  2.03575E+11,  2.26647E+11, &
  2.77121E+11,  3.28112E+11,  3.36126E+11,  5.00262E+11,  3.99612E+11, &
  6.66109E+11,  6.16763E+11,  7.47812E+11,  8.53197E+11,  1.44610E+12, &
 -7.23051E+11,
