 -3.93344E-12,  7.86689E-12, -2.75341E-11,  1.02272E-10, -3.80639E-10, &
  1.50861E-09, -1.90284E-09,  9.45860E-08,  9.65142E-07,  1.05135E-05, &
  7.56449E-05,  4.69085E-04,  2.34068E-03,  1.04036E-02,  3.98191E-02, &
  1.41003E-01,  4.43903E-01,  1.31834E+00,  3.60089E+00,  9.34185E+00, &
  2.27621E+01,  5.31214E+01,  1.18410E+02,  2.51178E+02,  5.26229E+02, &
  1.02707E+03,  2.02003E+03,  3.78445E+03,  6.83255E+03,  1.24817E+04, &
  2.13879E+04,  3.72512E+04,  6.13364E+04,  1.03213E+05,  1.64290E+05, &
  2.65386E+05,  4.12865E+05,  6.55782E+05,  9.58277E+05,  1.51858E+06, &
  2.20189E+06,  3.27391E+06,  4.78253E+06,  6.99433E+06,  9.82573E+06, &
  1.41345E+07,  2.02360E+07,  2.95064E+07,  3.50392E+07,  5.37929E+07, &
  6.88497E+07,  9.58167E+07,  1.27547E+08,  1.70796E+08,  2.24179E+08, &
  3.04384E+08,  3.68707E+08,  5.11660E+08,  6.84515E+08,  7.66569E+08, &
  1.17925E+09,  1.23805E+09,  1.93282E+09,  2.00739E+09,  2.83125E+09, &
  3.49070E+09,  4.47441E+09,  5.15286E+09,  6.74038E+09,  8.22547E+09, &
  1.01408E+10,  1.24190E+10,  1.51841E+10,  1.84810E+10,  2.25759E+10, &
  2.70252E+10,  3.41089E+10,  3.60563E+10,  4.90440E+10,  5.65292E+10, &
  7.17700E+10,  7.16287E+10,  9.92013E+10,  1.23575E+11,  1.11281E+11, &
  1.79654E+11,  1.70526E+11,  2.23904E+11,  2.58807E+11,  2.88066E+11, &
  3.52191E+11,  4.16931E+11,  4.26953E+11,  6.35601E+11,  5.07282E+11, &
  8.46044E+11,  7.82938E+11,  9.49130E+11,  1.08318E+12,  1.83479E+12, &
 -9.17393E+11,
